['currFeatsInTimestep_0'],"[0.21007262, 0.11706559, -0.013709021, -0.036737468, 0.4429777, -0.061914995, 0.11407774, 0.041790791, -0.11401375, -0.011106626, -0.2867572, 0.36059523, -0.13834198, 0.0871014, -0.18358216, -0.20112854, -0.018173644, 0.066415347, 0.066415347]"
['curr_classification_0_testNumer: 2'],[15]
['currFeatsInTimestep_1'],"[0.1749938, -0.11156873, -0.069509745, 0.085607007, 0.36724523, 0.27201313, 0.041416578, 0.11377813, -0.033315171, 0.049687907, 0.52370137, 0.25877631, 0.14416714, -0.48489833, -0.068826027, -0.19852297, 0.14533848, -0.037403788, 0.066415347]"
['curr_classification_1_testNumer: 2'],[15]
['currFeatsInTimestep_2'],"[-0.14683329, 0.15888438, 0.083758652, 0.018894719, 0.25721928, -0.036663979, 0.020130526, -0.073294573, 0.022968521, 0.042082042, -0.19915642, -0.62583351, 0.029504225, 0.065923341, 0.059023414, 0.015990566, 0.026579961, -0.17343563, 0.066415347]"
['curr_classification_2_testNumer: 2'],[15]
['currFeatsInTimestep_3'],"[-0.28985673, -0.001174435, -0.095122196, 0.11091159, 1.6210024, 0.023915533, -0.056674816, 0.030916614, 0.023309296, 0.011040171, -0.68616188, -0.084391885, 0.05972955, 0.67661893, -0.087556772, -0.027435351, -0.12285748, 0.01206636, 0.066415347]"
['curr_classification_3_testNumer: 2'],[15]
['currFeatsInTimestep_4'],"[0.002749728, 0.077586576, 0.061200798, 0.005010129, -1.2743976, 0.17981568, -0.05826994, 0.054579593, 0.020944787, -0.17825061, 0.16856343, 0.38367975, 0.13869104, -0.45945886, -0.095692635, -0.15725994, 0.096033722, -0.036525086, 0.066415347]"
['curr_classification_4_testNumer: 2'],[15]
['Actual y: '],"[[11]
 [12]
 [11]
 [12]
 [14]]"
['Actual features: '],"[array([ 0.58012862,  0.57951693,  0.58326102,  0.57054681,  0.53586172]), array([ 0.45801139,  0.46170389,  0.49971083,  0.44445389,  0.46289861]), array([ 0.07516717,  0.09915495,  0.08640111,  0.12016727,  0.06048879]), array([ 0.11764706,  0.11764706,  0.11764706,  0.11764706,  0.41176471]), array([-0.21851852, -0.21851852, -0.21851852, -0.21851852, -0.21851852]), array([ 0.28571429,  0.28571429,  0.28571429,  0.28571429,  0.14285714]), array([ 0.,  0.,  0.,  0.,  0.]), array([ 0.34,  0.34,  0.34,  0.34,  0.39]), array([ 0.,  0.,  0.,  0.,  0.]), array([ 0.9703776 ,  0.9703776 ,  0.9703776 ,  0.9703776 ,  0.97070312]), array([ 1.,  1.,  1.,  1.,  1.]), array([ 0.23255814,  0.25581395,  0.27906977,  0.25581395,  0.27906977]), array([ 0.30232558,  0.29069767,  0.28372093,  0.28139535,  0.27674419]), array([ 0.29488372,  0.29302326,  0.29395349,  0.29488372,  0.29395349]), array([ 0.30883721,  0.30232558,  0.29674419,  0.29209302,  0.28651163]), array([ 0.28763525,  0.25458898,  0.25532396,  0.26957145,  0.26131695]), array([ 0.26284348,  0.23558667,  0.25379123,  0.27654191,  0.25788675]), array([ 0.31870814,  0.29286314,  0.28174838,  0.2809448 ,  0.27340555])]"
