['currFeatsInTimestep_0'],"[0.45822728, 0.054021232, 0.037610404, 0.031111345, 0.30940747, -0.47126848, -0.02728395, 0.49741486, -0.050118692, -1.506927, 0.0074252822, 0.0074252822]"
['curr_classification_0'],[10]
['currFeatsInTimestep_1'],"[0.17619562, 0.12826921, 0.032506205, 0.033522703, -0.24474163, -0.13207023, -0.043583862, 0.052820645, 0.19608583, -1.0598934, 0.079332702, 0.0074252822]"
['curr_classification_1'],[10]
['currFeatsInTimestep_2'],"[-1.1793673, 0.087747678, -0.044465609, 0.042489238, 0.011011619, 0.32245848, -0.033543639, -0.49513686, -0.014096054, 0.52227831, -0.162506, 0.0074252822]"
['curr_classification_2'],[10]
['currFeatsInTimestep_3'],"[-0.21304373, 0.011194777, 0.020304123, -0.10892846, 0.14272526, -0.39049608, 0.056682911, 0.093651928, 0.14170142, 0.61143374, -0.013305733, 0.0074252822]"
['curr_classification_3'],[10]
['currFeatsInTimestep_4'],"[0.077705152, -0.043907508, 0.12216837, 0.020923546, 0.098894998, -0.5882135, -0.10403357, 0.49649277, -0.01440216, -0.58715558, 0.037458796, 0.0074252822]"
['curr_classification_4'],[10]
['Actual y: '],"[[ 19.]
 [ 17.]
 [ 15.]
 [ 16.]
 [ 18.]]"
