['currFeatsInTimestep_0'],"[-0.055299286, -0.1177193, 0.18785717, -0.0061969017, -0.043865599, 0.096088342, -0.0046980535, 0.079744399, 0.066330798, 0.14652359, 0.033468477, -0.049606815, -0.24109656, -0.046792638, 0.24888349, -0.095486663, -0.3307637, -0.1192987, -0.1192987]"
['curr_classification_0'],[14]
['currFeatsInTimestep_1'],"[0.18694368, -0.06883727, -0.091894604, -0.048751578, 0.15297979, -0.1358926, 0.090445422, 0.041272469, -0.043073047, 0.046240583, -0.031549953, -0.12336541, 0.10042755, -0.0377663, -0.099322893, -0.0028878376, 0.10850255, -0.036774285, -0.1192987]"
['curr_classification_1'],[15]
['currFeatsInTimestep_2'],"[-0.0098845735, 0.013566905, -0.019347928, -0.081532434, 0.17093712, 0.051739536, 0.092633471, -0.17643917, -0.019627366, 0.039563529, 0.31268626, -0.25891054, 0.086196184, 0.0073518902, 0.27225766, -0.097652644, 0.051275223, 0.023377977, -0.1192987]"
['curr_classification_2'],[13]
['currFeatsInTimestep_3'],"[0.045020383, 0.22418696, 0.068949558, 0.019145077, -0.26972556, 0.14578465, -0.021275727, 0.032648832, 0.11275023, 0.04688976, 0.28159493, 0.079749189, 0.12669538, 0.18248551, 0.034627657, -0.19265708, -0.032292321, -0.026061025, -0.1192987]"
['curr_classification_3'],[13]
['currFeatsInTimestep_4'],"[0.0435443, 0.029406786, -0.16676456, 0.043396786, 0.097963654, -0.027606228, 0.043915343, -0.30819494, 0.034641594, 0.028162429, -0.15422225, -0.23959631, 0.034042358, 0.04936187, -0.23653993, -0.017935261, -0.0012719911, -0.057278611, -0.1192987]"
['curr_classification_4'],[14]
