['currFeatsInTimestep_0'],"[-0.052287783, 0.11646146, -0.012074629, -0.036682419, 0.47564456, -0.062910035, 0.11425157, -0.049553521, -0.11401375, -0.011104852, -0.2867572, 0.37287089, -0.14247249, 0.082505681, -0.18351264, -0.20343876, -0.019924032, 0.066735789, 0.066735789]"
['curr_classification_0_testNumer: 5'],[15]
['currFeatsInTimestep_1'],"[0.18664244, -0.11148988, -0.069754951, 0.085608348, 0.40238312, 0.27340823, 0.042164594, 0.13440326, -0.033315171, 0.049687665, 0.52370137, 0.29122785, 0.14545622, -0.47331637, -0.068734124, -0.19654486, 0.14580683, -0.037007295, 0.066735789]"
['curr_classification_1_testNumer: 5'],[15]
['currFeatsInTimestep_2'],"[0.00066605583, 0.15852863, 0.085444212, 0.01891114, 0.29654154, -0.037430465, 0.020414749, -0.23032314, 0.022968521, 0.042080674, -0.19915642, -0.6652391, 0.030470606, 0.056728251, 0.059027601, 0.01013908, 0.024357785, -0.17342588, 0.066735789]"
['curr_classification_2_testNumer: 5'],[15]
['currFeatsInTimestep_3'],"[0.036001142, -0.0011469834, -0.09679611, 0.11085223, 1.7506313, 0.02405883, -0.050612211, 0.086263269, 0.023309296, 0.011036162, -0.68616188, -0.086396597, 0.058685537, 0.65072691, -0.087502673, -0.031049345, -0.1235662, 0.011919244, 0.066735789]"
['curr_classification_3_testNumer: 5'],[15]
['currFeatsInTimestep_4'],"[0.041567665, 0.07762228, 0.060460366, 0.0049963309, -1.3629676, 0.18115965, -0.053749897, 0.16424322, 0.020944787, -0.17825294, 0.16856343, 0.39000905, 0.13573143, -0.44450429, -0.095655374, -0.16139093, 0.096231706, -0.036442313, 0.066735789]"
['curr_classification_4_testNumer: 5'],[15]
['Actual y: '],"[[28]
 [32]
 [26]
 [28]
 [27]]"
['Actual features: '],"[array([-0.29373774, -0.3001085 , -0.28539904, -0.26752607, -0.26014766]), array([ 0.04636928,  0.07975319,  0.10988225,  0.11107519,  0.12848336]), array([ 0.07156565,  0.06439338,  0.0690579 ,  0.07220435,  0.06549488]), array([ 0.41176471,  0.11764706,  0.11764706,  0.11764706,  0.11764706]), array([-0.66666667, -0.66666667, -0.66666667, -0.66666667, -0.66666667]), array([ 0.14285714,  0.28571429,  0.28571429,  0.28571429,  0.28571429]), array([ 0.,  0.,  0.,  0.,  0.]), array([ 0.81,  0.81,  0.81,  0.81,  0.81]), array([ 0.,  0.,  0.,  0.,  0.]), array([ 0.9703776,  0.9703776,  0.9703776,  0.9703776,  0.9703776]), array([ 1.,  1.,  1.,  1.,  1.]), array([ 0.62790698,  0.65116279,  0.74418605,  0.60465116,  0.65116279]), array([ 0.60930233,  0.61395349,  0.61395349,  0.63255814,  0.64418605]), array([ 0.58139535,  0.59906977,  0.61209302,  0.62046512,  0.62976744]), array([ 0.52604651,  0.53488372,  0.54418605,  0.5544186 ,  0.5627907 ]), array([ 0.58987841,  0.61269555,  0.63577589,  0.70082199,  0.64311949]), array([ 0.6184206 ,  0.62695834,  0.64874235,  0.73464168,  0.61765021]), array([ 0.55286421,  0.57537704,  0.59811276,  0.64193475,  0.63074967])]"
