['currFeatsInTimestep_0'],"[0.0048779901, 0.047123373, -0.011498379, -0.050448611, -0.16235328, 0.047721144, 0.024941497, 0.23978549, -0.11401375, 0.088499904, -0.034519054, -0.039799619, 0.022736162, -0.12023629, 0.11441261, -0.18470126, -0.049364433, -0.021292105, -0.021292105]"
['curr_classification_0'],[13]
['currFeatsInTimestep_1'],"[0.1957774, -0.054071892, -0.01416108, 0.052842095, 0.10080274, 0.011251792, 0.050744742, 0.15430206, -0.033315171, -0.168791, 0.18646321, 0.044943042, -0.13898259, -0.0020448565, -0.28551525, -0.082079217, 0.11309339, -0.030585349, -0.021292105]"
['curr_classification_1'],[16]
['currFeatsInTimestep_2'],"[0.050377239, 0.17385668, 0.084500864, -0.040022947, -0.070959136, 0.063014627, 0.031500578, -0.031264886, 0.022968521, 0.22314827, -0.0092006149, 0.030160496, 0.41509962, 0.00063096173, 0.095721543, -0.26772082, -0.019866705, -0.037756801, -0.021292105]"
['curr_classification_2'],[10]
['currFeatsInTimestep_3'],"[-0.041088622, -0.071927652, -0.10364486, 0.12871672, -0.12616998, -0.044990897, -0.19464073, -0.16268127, 0.023309296, 0.25710198, -0.10335036, 0.031352405, 0.26092145, -0.29742947, 0.12882718, -0.044726703, -0.3083818, 0.089726463, -0.021292105]"
['curr_classification_3'],[10]
['currFeatsInTimestep_4'],"[0.00015430711, 0.10345779, 0.074534446, -0.085539877, -0.23541263, -0.060342029, -0.30534178, 0.13990811, 0.020944787, -0.33068526, 0.019434553, 0.17819752, 0.21163955, -0.10026594, -0.031456567, -0.21805966, 0.012889555, -0.1201047, -0.021292105]"
['curr_classification_4'],[14]
