['currFeatsInTimestep_0'],"[0.14836766, 0.11618406, -0.013435878, -0.0345877, -0.55086362, -0.09275879, 0.11425157, -0.062026687, -0.11401375, -0.011121292, -0.28424188, 0.26586336, -0.13904747, 0.061317738, -0.17374632, -0.17639135, -0.012718163, 0.067689531, 0.067689531]"
['curr_classification_0_testNumer: 1'],[15]
['currFeatsInTimestep_1'],"[0.17767304, -0.11151154, -0.069196351, 0.10470823, -0.22128502, 0.33870968, 0.042164594, 0.13696584, -0.033315171, 0.049685903, 0.52144599, 0.18042476, 0.14548476, -0.40785462, -0.074952237, -0.15466842, 0.13947187, -0.036839332, 0.067689531]"
['curr_classification_1_testNumer: 1'],[15]
['currFeatsInTimestep_2'],"[-0.1077269, 0.15833095, 0.083057232, 8.7037683e-05, -0.488098, -0.065130554, 0.020414749, -0.25181225, 0.022968521, 0.042089123, -0.19821106, -0.44474098, 0.029646428, 0.045492172, 0.059584659, 0.016290814, 0.035937078, -0.17275962, 0.067689531]"
['curr_classification_2_testNumer: 1'],[15]
['currFeatsInTimestep_3'],"[-0.21512154, -0.0010278299, -0.094342433, 0.11402603, -2.0435681, 0.037096437, -0.050612211, 0.093796209, 0.023309296, 0.011068321, -0.68412322, -0.053345047, 0.059776064, 0.50027698, -0.077019654, -0.0053642131, -0.12196732, 0.012558148, 0.067689531]"
['curr_classification_3_testNumer: 1'],[15]
['currFeatsInTimestep_4'],"[0.011327194, 0.077582017, 0.061498713, 0.0023633689, 1.1079801, 0.23281735, -0.053749897, 0.17912713, 0.020944787, -0.1782445, 0.16738376, 0.31960541, 0.13824914, -0.34513822, -0.099619158, -0.16074736, 0.081845582, -0.036141966, 0.067689531]"
['curr_classification_4_testNumer: 1'],[15]
['Actual y: '],"[[9]
 [9]
 [7]
 [7]
 [7]]"
['Actual features: '],"[array([ 0.36960454,  0.36960454,  0.36385475,  0.36385475,  0.36385475]), array([ 0.54932361,  0.54932361,  0.52795472,  0.52795472,  0.52795472]), array([ 0.03467101,  0.03467101,  0.03272575,  0.03272575,  0.03272575]), array([ 0.76470588,  0.76470588,  0.76470588,  0.76470588,  0.76470588]), array([ 0.26666667,  0.26666667,  0.26666667,  0.26666667,  0.26666667]), array([ 0.85714286,  0.85714286,  0.85714286,  0.85714286,  1.        ]), array([ 0.,  0.,  0.,  0.,  0.]), array([ 1.,  1.,  1.,  1.,  1.]), array([ 0.,  0.,  0.,  0.,  0.]), array([ 0.96516927,  0.96516927,  0.96516927,  0.96516927,  0.96484375]), array([ 0.08,  0.12,  0.12,  0.08,  0.05]), array([ 0.18604651,  0.20930233,  0.20930233,  0.1627907 ,  0.1627907 ]), array([ 0.19302326,  0.18372093,  0.18372093,  0.18372093,  0.18604651]), array([ 0.18790698,  0.18604651,  0.18604651,  0.18604651,  0.18418605]), array([ 0.20046512,  0.2       ,  0.20046512,  0.20093023,  0.2027907 ]), array([ 0.18364008,  0.18508394,  0.19961497,  0.20542738,  0.17984537]), array([ 0.18416886,  0.18585875,  0.20695797,  0.20906789,  0.16741842]), array([ 0.18967174,  0.18858417,  0.19479962,  0.19915043,  0.18824251])]"
