['currFeatsInTimestep_0'],"[0.17264472, 0.14087477, -0.012943383, -0.036651023, -0.41821632, -0.063088059, 0.11411259, -0.016824804, -0.11401375, -0.011090346, -0.2866824, 0.31457132, -0.13864368, 0.079301193, -0.18102352, -0.18915078, -0.016352752, 0.067083448, 0.067083448]"
['curr_classification_0_testNumer: 3'],[15]
['currFeatsInTimestep_1'],"[0.1765959, -0.11609835, -0.07089746, 0.084650464, -0.14147326, 0.27426004, 0.041557234, 0.1271928, -0.033315171, 0.049687803, 0.52365547, 0.22957322, 0.14516264, -0.46198452, -0.0704, -0.17464373, 0.14265142, -0.03704267, 0.067083448]"
['curr_classification_1_testNumer: 3'],[15]
['currFeatsInTimestep_2'],"[-0.12143058, 0.17206097, 0.088079438, 0.019899288, -0.38743737, -0.037688479, 0.020171117, -0.17402671, 0.022968521, 0.042071741, -0.19913916, -0.54418784, 0.029556038, 0.05872526, 0.059169445, 0.013600079, 0.030105259, -0.1731222, 0.067083448]"
['curr_classification_2_testNumer: 3'],[15]
['currFeatsInTimestep_3'],"[-0.24525048, 0.00036178157, -0.099711925, 0.11054501, -1.5537276, 0.024308871, -0.055519804, 0.066450007, 0.023309296, 0.011006034, -0.68613827, -0.068506062, 0.059837956, 0.6242857, -0.084818676, -0.017424658, -0.12277851, 0.012254907, 0.067083448]"
['curr_classification_3_testNumer: 3'],[15]
['currFeatsInTimestep_4'],"[0.0077421293, 0.074787229, 0.059339415, 0.0050945431, 0.7891863, 0.18169135, -0.057399433, 0.1250149, 0.020944787, -0.17826498, 0.16852853, 0.35176587, 0.13852713, -0.42586711, -0.096704602, -0.16088925, 0.089053318, -0.036327679, 0.067083448]"
['curr_classification_4_testNumer: 3'],[15]
['Actual y: '],"[[18]
 [19]
 [17]
 [18]
 [18]]"
['Actual features: '],"[array([ 0.49854031,  0.51686626,  0.52257085,  0.52082721,  0.51884253]), array([ 0.6190675 ,  0.62606778,  0.67012028,  0.6466175 ,  0.68293944]), array([ 0.10312304,  0.07636585,  0.095897  ,  0.08854633,  0.07268589]), array([ 0.05882353,  0.11764706,  0.11764706,  0.11764706,  0.11764706]), array([ 0.4,  0.4,  0.4,  0.4,  0.4]), array([ 0.14285714,  0.28571429,  0.28571429,  0.28571429,  0.28571429]), array([ 0.37704918,  0.        ,  0.        ,  0.        ,  0.        ]), array([ 0.76,  0.76,  0.76,  0.76,  0.76]), array([ 0.,  0.,  0.,  0.,  0.]), array([ 0.97428385,  0.97428385,  0.97428385,  0.97428385,  0.97428385]), array([ 1.,  1.,  1.,  1.,  1.]), array([ 0.20930233,  0.41860465,  0.44186047,  0.39534884,  0.41860465]), array([ 0.34418605,  0.35348837,  0.35813953,  0.36976744,  0.37906977]), array([ 0.34511628,  0.34790698,  0.34511628,  0.34604651,  0.34790698]), array([ 0.34      ,  0.33674419,  0.33069767,  0.32837209,  0.32790698]), array([ 0.26958715,  0.23341625,  0.34452929,  0.402928  ,  0.3983805 ]), array([ 0.2565744 ,  0.21402953,  0.39814714,  0.43748913,  0.39956287]), array([ 0.29471842,  0.26909359,  0.31394691,  0.35232098,  0.36522934])]"
