['currFeatsInTimestep_0'],"[-0.073495694, 0.43413904, 0.35592896, -0.051906187, 0.11009602, -0.17896713, 0.017406311, 0.27708897, -0.053797688, 0.92729801, 0.1397226, 0.7086612, -0.18141609, -0.38210756, -0.029799869, 0.63912642, 0.18190539, -0.015784241, -0.015784241]"
['curr_classification_0'],[10]
['currFeatsInTimestep_1'],"[0.18608268, 1.3472732, -0.41635323, -0.043898109, 0.068589039, -0.18177302, -0.17420188, 0.28864086, 0.18543062, -0.58252007, 0.073079631, -0.024420984, -0.21192101, -0.26789993, 0.14259914, 0.058994785, 0.0063895807, -0.17426799, -0.015784241]"
['curr_classification_1'],[10]
['currFeatsInTimestep_2'],"[0.12231034, -1.3944103, 0.39121765, -0.033959098, -0.0038825944, 0.081856415, -0.058291264, 0.8031128, -0.082190983, 0.22138083, -0.21149851, -0.14741175, -0.52010739, 0.19722676, 0.52023548, -0.10252196, 0.16268672, 0.4892199, -0.015784241]"
['curr_classification_2'],[10]
['currFeatsInTimestep_3'],"[0.015035469, 0.93042344, 0.0049771219, 0.23802999, -0.086087331, 0.071140811, 0.021208331, 0.25441578, -0.065470114, 0.33039549, -0.13007991, 0.53827596, -0.12788624, 0.34195045, -0.57788563, -0.54875004, -0.37343061, 0.37412483, -0.015784241]"
['curr_classification_3'],[10]
['currFeatsInTimestep_4'],"[0.030984975, 0.43516791, 0.20833477, 0.0017538816, 0.1570313, -0.1067461, -0.031541325, 0.038067155, -0.17524759, 0.097467914, -0.27791035, 0.049612157, 0.030431919, 0.25189775, -0.17036708, -0.62045521, 0.014240954, -0.34995922, -0.015784241]"
['curr_classification_4'],[10]
