['currFeatsInTimestep_0'],"[0.069056414, 0.096667886, -0.0023352355, -0.036933485, 0.44315416, -0.067131042, 0.11425157, -0.055428602, -0.11401375, -0.011138765, -0.25273377, 0.37242836, -0.13960136, 0.082767978, -0.18211815, -0.204669, -0.019214639, 0.066450953, 0.066450953]"
['curr_classification_0_testNumer: 7'],[15]
['currFeatsInTimestep_1'],"[0.18141399, -0.10765073, -0.07061933, 0.087381639, 0.41064504, 0.27297726, 0.042164594, 0.13546893, -0.033315171, 0.049685691, 0.47883815, 0.27085739, 0.14449899, -0.47265786, -0.069682933, -0.2035604, 0.14642195, -0.037304625, 0.066450953]"
['curr_classification_1_testNumer: 7'],[15]
['currFeatsInTimestep_2'],"[-0.07918524, 0.147618, 0.093832895, 0.01701949, 0.2979902, -0.039407551, 0.020414749, -0.24047087, 0.022968521, 0.042099841, -0.17899461, -0.65009391, 0.029800147, 0.060660802, 0.059107043, 0.014759477, 0.024814311, -0.17346925, 0.066450953]"
['curr_classification_2_testNumer: 7'],[15]
['currFeatsInTimestep_3'],"[-0.10969634, -0.0025594272, -0.10498673, 0.11163034, 1.6468105, 0.022300888, -0.050612211, 0.089797653, 0.023309296, 0.011104554, -0.6334396, -0.088062346, 0.059398696, 0.64880556, -0.085996665, -0.03091104, -0.1230381, 0.011991386, 0.066450953]"
['curr_classification_3_testNumer: 7'],[15]
['currFeatsInTimestep_4'],"[0.025068497, 0.080021441, 0.056758236, 0.0048623588, -1.3029549, 0.18378973, -0.053749897, 0.17120323, 0.020944787, -0.17823014, 0.15247017, 0.39148033, 0.13778511, -0.44203064, -0.096250653, -0.15767008, 0.098630294, -0.036518827, 0.066450953]"
['curr_classification_4_testNumer: 7'],[15]
['Actual y: '],"[[14]
 [12]
 [14]
 [19]
 [20]]"
['Actual features: '],"[array([-0.03892671, -0.03892671, -0.03892671, -0.03503404, -0.03503404]), array([ 0.375 ,  0.375 ,  0.375 ,  0.4375,  0.4375]), array([ 0.14009662,  0.14009662,  0.14009662,  0.16666667,  0.16666667]), array([ 0.29411765,  0.11764706,  0.11764706,  0.05882353,  0.17647059]), array([-0.07407407, -0.07407407, -0.07407407, -0.06666667, -0.06666667]), array([ 0.14285714,  0.28571429,  0.28571429,  0.14285714,  0.42857143]), array([ 0.,  0.,  0.,  0.,  0.]), array([ 1.,  1.,  1.,  1.,  1.]), array([ 0.,  0.,  0.,  0.,  0.]), array([ 0.9593099 ,  0.9593099 ,  0.9593099 ,  0.96126302,  0.96126302]), array([ 1.  ,  1.  ,  1.  ,  0.25,  0.12]), array([ 0.39534884,  0.3255814 ,  0.27906977,  0.3255814 ,  0.44186047]), array([ 0.34186047,  0.36046512,  0.36976744,  0.37906977,  0.39069767]), array([ 0.36093023,  0.36093023,  0.35906977,  0.36      ,  0.36093023]), array([ 0.38790698,  0.39255814,  0.39395349,  0.39488372,  0.39581395]), array([ 0.3169836 ,  0.36400274,  0.34094993,  0.30382183,  0.31687757]), array([ 0.30510705,  0.38632466,  0.33165572,  0.28432836,  0.32145609]), array([ 0.32707834,  0.34755949,  0.34096606,  0.32239717,  0.32335244])]"
