['currFeatsInTimestep_0'],"[0.19320108, 0.14751041, -0.0066144858, -0.036970112, -0.56331295, -0.066773295, 0.11415158, -0.047920413, -0.11401375, -0.010602318, -0.2867572, 0.43592104, -0.1410159, 0.092477232, -0.2016279, -0.22865067, -0.022451833, 0.064105071, 0.064105071]"
['curr_classification_0_testNumer: 0'],[23]
['currFeatsInTimestep_1'],"[0.17572866, -0.11738161, -0.070099749, 0.082087398, -0.22603109, 0.27936918, 0.041532092, 0.13402179, -0.033315171, 0.049384903, 0.52370137, 0.3205317, 0.14181341, -0.5014115, -0.055784963, -0.25225383, 0.1510969, -0.038857937, 0.064105071]"
['curr_classification_1_testNumer: 0'],[23]
['currFeatsInTimestep_2'],"[-0.13630877, 0.17572092, 0.089759298, 0.022413068, -0.49496925, -0.040515654, 0.019894591, -0.22751802, 0.022968521, 0.041448936, -0.19915642, -0.76943874, 0.030196225, 0.069021739, 0.057996631, 0.020392131, 0.018603347, -0.17439018, 0.064105071]"
['curr_classification_2_testNumer: 0'],[23]
['currFeatsInTimestep_3'],"[-0.26934996, 0.00082831457, -0.10097001, 0.11016034, -2.0879464, 0.024818085, -0.055412296, 0.085272506, 0.023309296, 0.009611249, -0.68616188, -0.10912808, 0.058400515, 0.7145443, -0.10716054, -0.050728571, -0.12320907, 0.011632877, 0.064105071]"
['curr_classification_3_testNumer: 0'],[11]
['currFeatsInTimestep_4'],"[0.0051160175, 0.073986635, 0.058551196, 0.0054572886, 1.1361164, 0.1866408, -0.057124611, 0.16227803, 0.020944787, -0.17967264, 0.16856343, 0.43467653, 0.13659029, -0.48442841, -0.087622508, -0.14975573, 0.11072563, -0.037196763, 0.064105071]"
['curr_classification_4_testNumer: 0'],[23]
['Actual y: '],"[[13]
 [11]
 [10]
 [10]
 [11]]"
['Actual features: '],"[array([ 0.59450659,  0.59052287,  0.59121059,  0.59544691,  0.59538455]), array([ 0.77019528,  0.70569806,  0.78798917,  0.75579361,  0.72593833]), array([ 0.14033722,  0.08579643,  0.12185459,  0.12228512,  0.1334363 ]), array([ 0.11764706,  0.11764706,  0.11764706,  0.29411765,  0.11764706]), array([ 0.62592593,  0.62592593,  0.62592593,  0.62592593,  0.62592593]), array([ 0.28571429,  0.28571429,  0.28571429,  0.14285714,  0.28571429]), array([ 0.,  0.,  0.,  0.,  0.]), array([ 0.89,  0.89,  0.89,  0.89,  0.89]), array([ 0.,  0.,  0.,  0.,  0.]), array([ 0.97298177,  0.97298177,  0.97298177,  0.97298177,  0.97298177]), array([ 1.,  1.,  1.,  1.,  1.]), array([ 0.30232558,  0.30232558,  0.25581395,  0.23255814,  0.23255814]), array([ 0.2744186 ,  0.26976744,  0.25813953,  0.25348837,  0.25813953]), array([ 0.2827907 ,  0.2772093 ,  0.27162791,  0.26604651,  0.26139535]), array([ 0.3372093 ,  0.3255814 ,  0.31302326,  0.30325581,  0.29674419]), array([ 0.28740046,  0.29635553,  0.29993756,  0.2734634 ,  0.24892024]), array([ 0.29772163,  0.30186519,  0.30227954,  0.26046051,  0.23534838]), array([ 0.29762872,  0.29903778,  0.30002412,  0.28676107,  0.27050019])]"
