['currFeatsInTimestep_0'],"[0.1110094, 0.14892921, -0.0098102242, -0.037320722, 0.4275685, -0.066097602, 0.11423444, -0.029450737, -0.11401375, -0.0111191, -0.2867572, 0.40506166, -0.14019892, 0.0889908, -0.18452747, -0.21495934, -0.021141585, 0.065961048, 0.065961048]"
['curr_classification_0_testNumer: 0'],[15]
['currFeatsInTimestep_1'],"[0.17932475, -0.11765189, -0.071546286, 0.078218572, 0.37906745, 0.27632245, 0.040360373, 0.13000464, -0.033315171, 0.049686786, 0.52370137, 0.30196074, 0.14397162, -0.49117178, -0.068197481, -0.22233635, 0.14856374, -0.037505172, 0.065961048]"
['curr_classification_1_testNumer: 0'],[15]
['currFeatsInTimestep_2'],"[-0.086215004, 0.17650589, 0.091806635, 0.026249841, 0.26532513, -0.039573774, 0.017334701, -0.19573893, 0.022968521, 0.042088676, -0.19915642, -0.71541661, 0.029954819, 0.065799266, 0.058969539, 0.015145667, 0.021470837, -0.17373954, 0.065961048]"
['curr_classification_2_testNumer: 0'],[15]
['currFeatsInTimestep_3'],"[-0.16894118, 0.00092054531, -0.10345533, 0.1094375, 1.5763562, 0.023938484, -0.062443286, 0.074096426, 0.023309296, 0.011064838, -0.68616188, -0.098385103, 0.05910141, 0.69115824, -0.088575482, -0.039956052, -0.12333167, 0.011784767, 0.065961048]"
['curr_classification_3_testNumer: 0'],[15]
['currFeatsInTimestep_4'],"[0.016790934, 0.073819458, 0.057707287, 0.0059723412, -1.2510716, 0.18471277, -0.060824685, 0.14015904, 0.020944787, -0.17824352, 0.16856343, 0.41318864, 0.13731557, -0.46941909, -0.095296144, -0.15582822, 0.10385617, -0.036667012, 0.065961048]"
['curr_classification_4_testNumer: 0'],[15]
['Actual y: '],"[[14]
 [11]
 [15]
 [13]
 [14]]"
['Actual features: '],"[array([ 0.1989068 ,  0.19633554,  0.19960331,  0.21477949,  0.22792903]), array([ 0.62471194,  0.59231444,  0.65548083,  0.690735  ,  0.71853611]), array([ 0.24295725,  0.15754186,  0.1564208 ,  0.14174316,  0.12331988]), array([ 0.05882353,  0.11764706,  0.11764706,  0.05882353,  0.11764706]), array([ 0.,  0.,  0.,  0.,  0.]), array([ 0.14285714,  0.28571429,  0.28571429,  0.14285714,  0.28571429]), array([ 0.52786885,  0.        ,  0.        ,  0.4147541 ,  0.        ]), array([ 0.93,  0.93,  0.93,  0.96,  0.96]), array([ 0.,  0.,  0.,  0.,  0.]), array([ 0.96614583,  0.96614583,  0.96614583,  0.96614583,  0.96614583]), array([ 1.,  1.,  1.,  1.,  1.]), array([ 0.37209302,  0.3255814 ,  0.25581395,  0.34883721,  0.30232558]), array([ 0.33953488,  0.33255814,  0.3255814 ,  0.32093023,  0.32790698]), array([ 0.35069767,  0.34790698,  0.34697674,  0.34139535,  0.33488372]), array([ 0.34186047,  0.34093023,  0.33906977,  0.33627907,  0.3344186 ]), array([ 0.31234843,  0.34819519,  0.33462691,  0.28733914,  0.32423798]), array([ 0.30118334,  0.36500206,  0.32952346,  0.2631849 ,  0.34027198]), array([ 0.34422529,  0.35258561,  0.34448435,  0.31788323,  0.32716942])]"
