['currFeatsInTimestep_0'],"[0.09454751, 0.047302894, -0.012084204, -0.036625538, 0.35393059, -0.066773295, 0.11425157, -0.037438087, -0.11401375, -0.011101766, -0.2867572, 0.42391348, -0.14236215, 0.082440168, -0.18068539, -0.21989542, -0.022228679, 0.065859944, 0.065859944]"
['curr_classification_0_testNumer: 8'],[15]
['currFeatsInTimestep_1'],"[0.17999783, -0.098126322, -0.070261978, 0.085359134, 0.35100126, 0.27936918, 0.042164594, 0.13186979, -0.033315171, 0.049689304, 0.52370137, 0.32081795, 0.14382689, -0.47214651, -0.0705816, -0.2299276, 0.14965144, -0.03746127, 0.065859944]"
['curr_classification_1_testNumer: 8'],[15]
['currFeatsInTimestep_2'],"[-0.072734639, 0.12037709, 0.086844929, 0.019183969, 0.22468841, -0.040515654, 0.020414749, -0.20945852, 0.022968521, 0.042080462, -0.19915642, -0.75378829, 0.03047801, 0.059191808, 0.059188787, 0.013974017, 0.019651145, -0.17384902, 0.065859944]"
['curr_classification_2_testNumer: 8'],[15]
['currFeatsInTimestep_3'],"[-0.15031694, -0.0059892293, -0.098306507, 0.11071945, 1.3138626, 0.024818085, -0.050612211, 0.078942053, 0.023309296, 0.011031748, -0.68616188, -0.10426793, 0.058386672, 0.64776969, -0.084460795, -0.044656578, -0.12353339, 0.011651389, 0.065859944]"
['curr_classification_3_testNumer: 8'],[15]
['currFeatsInTimestep_4'],"[0.018698186, 0.085955583, 0.059859701, 0.0050098044, -1.0846496, 0.1866408, -0.053749897, 0.14977032, 0.020944787, -0.17825024, 0.16856343, 0.4256506, 0.13571802, -0.44175777, -0.096825644, -0.15598315, 0.10643294, -0.036702141, 0.065859944]"
['curr_classification_4_testNumer: 8'],[15]
['Actual y: '],"[[11]
 [11]
 [13]
 [13]
 [12]]"
['Actual features: '],"[array([ 0.31681735,  0.31948467,  0.333675  ,  0.34309681,  0.36831529]), array([ 0.3078925 ,  0.26874019,  0.2511705 ,  0.33232639,  0.38221861]), array([ 0.1653672 ,  0.11971785,  0.07718203,  0.08550399,  0.07496382]), array([ 0.11764706,  0.11764706,  0.11764706,  0.41176471,  0.11764706]), array([ 0.07407407,  0.07407407,  0.07407407,  0.10740741,  0.10740741]), array([ 0.28571429,  0.28571429,  0.28571429,  0.14285714,  0.28571429]), array([ 0.,  0.,  0.,  0.,  0.]), array([ 0.63,  0.63,  0.63,  0.56,  0.56]), array([ 0.,  0.,  0.,  0.,  0.]), array([ 0.97102865,  0.97102865,  0.97102865,  0.97135417,  0.97135417]), array([ 1.,  1.,  1.,  1.,  1.]), array([ 0.3255814 ,  0.25581395,  0.25581395,  0.30232558,  0.30232558]), array([ 0.33488372,  0.32790698,  0.30930233,  0.30232558,  0.30465116]), array([ 0.34790698,  0.34883721,  0.35255814,  0.35627907,  0.35906977]), array([ 0.37023256,  0.36976744,  0.37069767,  0.37209302,  0.37209302]), array([ 0.36640781,  0.34191196,  0.29025316,  0.26958963,  0.2892312 ]), array([ 0.36819807,  0.32984306,  0.26321686,  0.25655424,  0.29774845]), array([ 0.37598705,  0.36086536,  0.32934994,  0.30728914,  0.30580007])]"
