['currFeatsInTimestep_0'],"[0.082574792, 0.13998201, -0.013052201, -0.036625538, 0.47919163, -0.066773295, 0.11425157, -0.037918873, -0.11401375, -0.011154933, -0.2867572, 0.47536606, -0.14881803, 0.10020292, -0.18910077, -0.24751273, -0.026449727, 0.06411095, 0.06411095]"
['curr_classification_0_testNumer: 6'],[15]
['currFeatsInTimestep_1'],"[0.1805021, -0.11592866, -0.071084671, 0.085359134, 0.40731755, 0.27936918, 0.042164594, 0.13206908, -0.033315171, 0.049684618, 0.52370137, 0.39531067, 0.14191921, -0.52665985, -0.065194763, -0.28015828, 0.15404989, -0.038149338, 0.06411095]"
['curr_classification_1_testNumer: 6'],[15]
['currFeatsInTimestep_2'],"[-0.064007677, 0.17156678, 0.088531867, 0.019183969, 0.30186161, -0.040515654, 0.020414749, -0.21026832, 0.022968521, 0.042108838, -0.19915642, -0.87497538, 0.032070134, 0.06955678, 0.058708832, 0.014856681, 0.012488909, -0.17483154, 0.06411095]"
['curr_classification_2_testNumer: 6'],[15]
['currFeatsInTimestep_3'],"[-0.13630708, 0.00030446425, -0.10020901, 0.11071945, 1.765357, 0.024818085, -0.050612211, 0.079242192, 0.023309296, 0.011136998, -0.68616188, -0.11823977, 0.055951301, 0.77295536, -0.093498096, -0.068972707, -0.12426423, 0.010884073, 0.06411095]"
['curr_classification_3_testNumer: 6'],[15]
['currFeatsInTimestep_4'],"[0.020220043, 0.074892044, 0.059146531, 0.0050098044, -1.3733119, 0.1866408, -0.053749897, 0.15037999, 0.020944787, -0.17821971, 0.16856343, 0.45762503, 0.13086484, -0.52413768, -0.093396284, -0.15115765, 0.11697742, -0.037232656, 0.06411095]"
['curr_classification_4_testNumer: 6'],[15]
['Actual y: '],"[[29]
 [30]
 [28]
 [26]
 [26]]"
['Actual features: '],"[array([ 0.22932783,  0.21284162,  0.19380339,  0.20129437,  0.22477271]), array([ 0.61023889,  0.566415  ,  0.59761083,  0.53393111,  0.58043139]), array([ 0.17303263,  0.15288384,  0.08492882,  0.08088314,  0.2012565 ]), array([ 0.11764706,  0.11764706,  0.11764706,  0.41176471,  0.11764706]), array([-0.88518519, -0.88518519, -0.88518519, -0.88518519, -0.88518519]), array([ 0.28571429,  0.28571429,  0.28571429,  0.14285714,  0.28571429]), array([ 0.,  0.,  0.,  0.,  0.]), array([ 0.7,  0.7,  0.7,  0.7,  0.7]), array([ 0.,  0.,  0.,  0.,  0.]), array([ 0.95638021,  0.95638021,  0.95638021,  0.95638021,  0.95638021]), array([ 1.,  1.,  1.,  1.,  1.]), array([ 0.51162791,  0.6744186 ,  0.69767442,  0.65116279,  0.60465116]), array([ 0.62093023,  0.61395349,  0.6       ,  0.6       ,  0.59302326]), array([ 0.58325581,  0.57488372,  0.56837209,  0.56465116,  0.5655814 ]), array([ 0.57116279,  0.57162791,  0.57302326,  0.57348837,  0.57534884]), array([ 0.57822841,  0.53826811,  0.61995841,  0.66658801,  0.65733288]), array([ 0.56281744,  0.51674686,  0.65865143,  0.69377212,  0.65542372]), array([ 0.59285312,  0.56848555,  0.60026547,  0.62948815,  0.63599055])]"
