['currFeatsInTimestep_0'],"[0.16835986, 0.13560119, -0.011875621, -0.037206847, -0.56260699, -0.090339169, 0.11404435, -0.062337674, -0.11401375, -0.011086791, -0.266864, 0.38888171, -0.13878939, 0.080710672, -0.18005992, -0.20694908, -0.018894086, 0.066262633, 0.066262633]"
['curr_classification_0_testNumer: 9'],[15]
['currFeatsInTimestep_1'],"[0.17681831, -0.11511842, -0.06952624, 0.088340543, -0.22613141, 0.30986506, 0.041242402, 0.13703224, -0.033315171, 0.049689174, 0.49688154, 0.27102336, 0.14414445, -0.46594197, -0.07104367, -0.21056846, 0.14692524, -0.037464339, 0.066262633]"
['curr_classification_1_testNumer: 9'],[15]
['currFeatsInTimestep_2'],"[-0.12137257, 0.1691286, 0.084932134, 0.015952123, -0.49492633, -0.058157854, 0.020022199, -0.25234756, 0.022968521, 0.042070948, -0.18706559, -0.671938, 0.029612282, 0.060498558, 0.05922436, 0.017575521, 0.02489629, -0.17352113, 0.066262633]"
['curr_classification_2_testNumer: 9'],[15]
['currFeatsInTimestep_3'],"[-0.23891498, 6.4510852e-05, -0.096226864, 0.11220039, -2.0856445, 0.027263757, -0.058037348, 0.093984269, 0.023309296, 0.011000304, -0.6543045, -0.094671451, 0.059583206, 0.63327068, -0.083779819, -0.032187123, -0.12273204, 0.011999858, 0.066262633]"
['curr_classification_3_testNumer: 9'],[15]
['currFeatsInTimestep_4'],"[0.008670086, 0.075384408, 0.060677871, 0.004824033, 1.134761, 0.21723866, -0.05925506, 0.17949912, 0.020944787, -0.17826357, 0.15914825, 0.40379876, 0.13836105, -0.43147558, -0.097110189, -0.15517233, 0.10040804, -0.036571383, 0.066262633]"
['curr_classification_4_testNumer: 9'],[15]
['Actual y: '],"[[9]
 [9]
 [9]
 [8]
 [9]]"
['Actual features: '],"[array([ 0.43683346,  0.43782177,  0.43630689,  0.43650904,  0.43692489]), array([ 0.9443825 ,  0.86737833,  0.89455361,  0.84733667,  0.83932139]), array([ 0.04446273,  0.03460935,  0.04390167,  0.04091215,  0.03903058]), array([ 0.05882353,  0.11764706,  0.76470588,  0.11764706,  0.11764706]), array([ 0.46666667,  0.46666667,  0.48148148,  0.48148148,  0.48148148]), array([ 0.14285714,  0.28571429,  0.85714286,  0.28571429,  0.28571429]), array([ 0.,  0.,  0.,  0.,  0.]), array([ 1.,  1.,  1.,  1.,  1.]), array([ 0.,  0.,  0.,  0.,  0.]), array([ 0.97591146,  0.97591146,  0.97395833,  0.97395833,  0.97395833]), array([ 0.3,  0.3,  0.3,  0.3,  0.3]), array([ 0.25581395,  0.20930233,  0.20930233,  0.20930233,  0.18604651]), array([ 0.23488372,  0.23255814,  0.2372093 ,  0.23023256,  0.22325581]), array([ 0.24372093,  0.24      ,  0.2372093 ,  0.2344186 ,  0.23162791]), array([ 0.27534884,  0.27348837,  0.27069767,  0.26604651,  0.2627907 ]), array([ 0.2686581 ,  0.26095161,  0.22996204,  0.21756621,  0.21260788]), array([ 0.26035397,  0.25626796,  0.21399889,  0.20977198,  0.20934929]), array([ 0.26831443,  0.26456429,  0.2479857 ,  0.23638069,  0.22825718])]"
