['currFeatsInTimestep_0'],"[0.18683031, 0.12765765, -0.013980955, -0.036742344, -0.43786901, -0.062082574, 0.11425726, -0.0033849999, -0.11401375, -0.011097155, -0.2867572, 0.40961513, -0.14206775, 0.090102881, -0.18514848, -0.21731654, -0.022042392, 0.065895401, 0.065895401]"
['curr_classification_0_testNumer: 4'],[15]
['currFeatsInTimestep_1'],"[0.17599109, -0.1135972, -0.070268214, 0.084316149, -0.19649947, 0.27222875, 0.042101469, 0.12463353, -0.033315171, 0.049686991, 0.52370137, 0.31866488, 0.14408408, -0.49535954, -0.067754641, -0.22319882, 0.14871155, -0.037417255, 0.065895401]"
['curr_classification_1_testNumer: 4'],[15]
['currFeatsInTimestep_2'],"[-0.13123392, 0.16473837, 0.08569555, 0.020211114, -0.44290146, -0.036789179, 0.020269522, -0.15083514, 0.022968521, 0.04207515, -0.19915642, -0.73336935, 0.030401859, 0.064447351, 0.058934197, 0.011937305, 0.020378668, -0.17384803, 0.065895401]"
['curr_classification_2_testNumer: 4'],[15]
['currFeatsInTimestep_3'],"[-0.26208112, -0.00046643242, -0.097233333, 0.11054876, -1.6514041, 0.023932453, -0.05098246, 0.058352951, 0.023309296, 0.011019249, -0.68616188, -0.098706298, 0.058532603, 0.70099163, -0.089249201, -0.042907041, -0.12372431, 0.011634963, 0.065895401]"
['curr_classification_3_testNumer: 4'],[18]
['currFeatsInTimestep_4'],"[0.0058718901, 0.076328151, 0.060372971, 0.0051541817, 0.86449122, 0.18003267, -0.053937532, 0.10904978, 0.020944787, -0.17826176, 0.16856343, 0.41512334, 0.13594921, -0.47653022, -0.095021285, -0.15792938, 0.10367096, -0.036692992, 0.065895401]"
['curr_classification_4_testNumer: 4'],[15]
['Actual y: '],"[[17]
 [18]
 [29]
 [27]
 [23]]"
['Actual features: '],"[array([ 0.57177791,  0.57957614,  0.58073156,  0.58651183,  0.58938462]), array([ 0.10056881,  0.26609175,  0.60640333,  0.98221472,  0.50246833]), array([ 0.0382864 ,  0.02087958,  0.01996158,  0.03119092,  0.02375286]), array([ 0.11764706,  0.11764706,  0.11764706,  0.11764706,  0.11764706]), array([ 0.18148148,  0.18148148,  0.18148148,  0.18148148,  0.18148148]), array([ 0.28571429,  0.28571429,  0.28571429,  0.28571429,  0.28571429]), array([ 0.,  0.,  0.,  0.,  0.]), array([ 0.51,  0.51,  0.51,  0.51,  0.51]), array([ 0.,  0.,  0.,  0.,  0.]), array([ 0.97102865,  0.97102865,  0.97102865,  0.97102865,  0.97102865]), array([ 1.,  1.,  1.,  1.,  1.]), array([ 0.41860465,  0.39534884,  0.41860465,  0.6744186 ,  0.62790698]), array([ 0.48139535,  0.49534884,  0.49767442,  0.48604651,  0.48372093]), array([ 0.4772093 ,  0.48093023,  0.48186047,  0.48186047,  0.48093023]), array([ 0.43906977,  0.43534884,  0.43162791,  0.43162791,  0.43116279]), array([ 0.41438265,  0.41691585,  0.40397564,  0.41275305,  0.56975238]), array([ 0.3803629 ,  0.41478048,  0.397292  ,  0.41647339,  0.64862408]), array([ 0.44378106,  0.43622814,  0.42396435,  0.42235644,  0.49797509])]"
